0.8815175269084394
0.8690915020263535
0.7621911894132318
0.8488196155500553
0.7144685088609289
0.7225352965859244
0.8227143490293695
0.9352273946948424
0.7251479722784773
0.7742839506200906
0.6156272798276082
0.7908832230799057
0.8146266173622562
0.8723711687221977
0.7429689368556754
0.6068094872150289
0.7568350541315627
0.6098266407950136
0.6479915272120846
0.771402801466636
0.8087407590968272
0.751436423185821
0.7182390673086798
0.8655151932504411
0.8019043647757917
0.770474679038426
0.7712104557988212
0.8947233130477118
0.7910181474833063
0.7659588087043746
0.7588366924318806
0.7853177686138595
0.8465044056609047
0.8908486089782708
0.7819275813313519
0.9127477134003451
0.8267600823474411
0.8646627959687264
0.8388769644708873
0.9147231071768861
0.6795071850314721
0.8088208058577452
0.9137126919448971
0.7958149714847458
0.9007268384783235
0.9040625345325253
0.910819813805346
0.8949355541111771
0.9743902201936878
0.694485614447843
0.778639986107257
0.843310691856642
0.9008933497551133
0.9087753180706587
0.7010741190056009
0.7842712553225071
0.9804647335837888
0.805926383525228
0.7365319490019985
0.7499100157575969
0.8393432422168038
0.883480688301628
0.7131519289168576
0.8192656370895626
0.946041271578307
0.7707863736957197
0.794477991170993
0.8584729055976164
0.8074953449978401
0.4989387290541506
0.7409576398488157
0.8092195394352862
0.7702034808910009
0.6654521127700302
0.7803663642520287
0.8135324580623031
0.7553028336074085
0.7658705003116795
0.8343867107153614
0.7908043623934533
0.8450021653054237
0.8617827526856245
0.7138536313479406
0.8323039856153366
0.6342302314208167
0.838692681963415
0.7817687965688388
0.728394860445557
0.6883886026693131
0.7397909382004294
0.721820315890376
0.766971374677394
0.6159671554774019
0.7939651426000235
0.7550836490792724
0.7582512243294971
0.7461957832420292
0.8548828582405974
0.688539888688567
0.8880792353627652
0.8626283482413291
0.7752604706161588
0.8653104292350795
0.7997984427417361
0.7360982878970723
0.7783220469287973
0.7570886108735112
0.8239711310588177
0.7094351225822424
0.7536167537156812
0.9361531412476127
0.773792796404615
0.6803160447350656
0.8734264041966017
0.6273107793095819
0.8619850861132969
0.8044381792321846
0.8683083442320809
0.7486098202903332
0.7070297755099646
0.7274922679548613
0.7156429804870149
0.7954576511691945
0.8738117581947076
0.7925208644345282
0.8287545514231809
0.7044445390272501
0.759808581342368
0.7735840358898819
0.6460334360123583
0.825316370789217
0.7083478224226831
0.7704172072710007
0.7768082666225424
0.7126619745705745
0.8731763933736468
0.647583353765612
0.5902234926405069
0.722938179646851
0.7285197619151202
0.7130922717008084
0.7266951830839771
0.7477816833596511
0.6631172163101159
0.7508744117179995
0.7095661153231019
0.7099135270589687
0.766913949388511
0.759784395864209
0.7709609748779243
0.7939370066929962
0.7381414950886337
0.7230571261050578
0.6222366618196783
0.8724620385995854
0.8072147571789647
0.9263211148151841
0.873844161866591
0.6602827540301344
0.635836064717357
0.8440813030689948
0.7150310169433156
0.6431871314808051
0.7823136577138815
0.64702593961171
0.7651870217560411
0.7061699378421648
0.6130957786860353
0.7373642941622668
0.7236104177374518
0.775004704173009
0.648444007458212
0.746857109996193
0.7938451150997584
0.708676839922691
0.6932061368829489
0.761941592198374
0.6628714108727978
0.7888870406142322
0.8040229313565446
0.6622144360283394
0.6809673375465374
0.7911904749516443
0.6950225723474291
0.7277303562626801
0.8043666326418354
0.7553604792201574
0.7088964813099037
0.7996330337005407
0.7113382690621498
0.741747864285102
0.7588304867554245
0.5789655148314212
0.7555934030933502
0.7174899073303957
0.7699380959214311
0.7175209424617981
0.7031904186094635
0.6755443328182255
0.663309976374463
0.6864192091990704
0.753196154683709
0.6298678294667127
0.8103212461137599
0.796582199355068
0.7088634380026961
0.7987251787802355
0.7877645528539461
0.7883156154106306
0.7620311306744438
0.6788350575671052
0.6512205056235345
0.740425431390461
0.7963474565070598
0.8339752445255861
0.7123808833919191
0.8560865684698341
0.714500225905689
0.7236017640801081
0.7006108104135584
0.7581714111920936
0.7886531573801044
0.65946101667361
0.5750378550158852
0.8631196150191535
0.8939026954669629
0.6975889787084071
0.8564540687740332
0.7438798176638816
0.7913177841695733
0.7589070939555793
0.7180161748902374
0.7632677793608704
0.7536027249722757
0.8613830894760408
0.7482795598810688
0.8847217473200387
0.7309297336722297
0.7305264190625884
0.7923032797833532
0.7172972342342987
0.8815839450758278
0.9048666162814812
0.7898331074457575
0.7399931320161067
0.8072883904991425
0.713233345036968
0.7513964349344281
0.7782947983974412
0.8223735428570579
0.8297198286437095
0.7451206877068621
0.8126127954043438
0.855115891544847
0.8288478356297295
0.8916190757637825
0.8254409278439905
0.6391311608470731
0.678654577117801
0.7919498018045504
0.8558486352511226
0.6895728621729882
0.6906662831328949
0.7723907319109896
0.8204511467279973
0.5789305432304384
0.8142046987476268
0.7624957475268536
0.6567668830439796
0.7679277934601136
0.730413441428772
0.7904211106388477
0.7205329606458885
0.7126504223677251
0.7147645857198429
0.6803731530717703
0.7430407826708982
0.6222274724133782
0.6798830813196569
0.8088131010793059
0.8282626789667605
0.7583606469325882
0.8730390620405162
0.7168213515303236
0.8055837679386982
0.8834939357789389
0.7887228442976104
0.7687613012777659
0.7177669186651018
0.7919524073525218
0.7939905757047762
0.776143076853086
0.763204025067295
0.7562676729662656
0.7013423598114219
0.7620243026229767
0.8129215606541166
0.6713067437154547
0.7408713727357537
0.7159767880889458
0.708722757613356
0.6369495646183544
0.8183103673566672
0.6767920113004907
0.7481767446928256
0.7050352453298352
0.7818763066644472
0.6771234764000259
0.8213242630426743
0.7377599787428823
0.8365341924520163
0.6006907870305089
0.8098084903269254
0.8015407715495755
0.679784221458402
0.8512222495186522
0.6266197042038028
0.8525184359208293
0.792596209103898
0.7492870319942113
0.9800194087445636
0.6496754327104682
0.7920563304173546
0.8848723786372524
0.9156858598595973
0.7589802447100327
0.8768307869989679
0.7182346071938536
0.9288318894495121
0.7192299472325381
0.7423269274747032
0.8039589348078037
0.8076105967917812
0.7594061465961814
0.8546557613237938
0.8202937523075456
0.8062982881436658
0.843331865732736
0.7727859868766465
0.8784258476219845
0.7577577454490385
0.8702359470478476
0.7334370933067924
0.711321200018639
0.849444031527072
0.7987788679568921
0.8053193672839744
0.47631618430108763
0.7782325351537559
0.8121878534093999
0.8931113281881746
0.7974037740451917
0.8381517729892614
0.7480645650836995
0.6906253552363791
0.7202957029574073
1.0098057027858987
0.9071504534178859
0.8563267220426614
0.7761025645208167
0.7752078648785979
0.8974590292879157
0.7162597834073212
0.9717317178178825
0.9526916682218732
0.9737356169258566
0.9228118143531298
0.8307538375890212
0.838461558568898
0.7688703102064308
0.7561199075485016
0.7813733382877123
0.9524164257123722
0.7738963860123779
0.7452679972104699
0.7587013942859863
0.8545093679385136
0.8180192026556544
0.6920358424136915
0.759406184441487
0.7909899351024678
0.7170342363466268
0.6404036283561513
0.7557430622042062
0.8790807554954411
0.867781041389674
0.8233849779709661
0.41589671573087367
0.8772793313841014
0.7689651786509414
0.7674030784939812
0.846836672795899
0.6796125396319982
0.793605996309963
0.6973410450572515
0.9443298546653824
0.7371003161231324
0.9022489966547055
0.6276543123571597
0.8496290255489457
0.95313604920761
0.7686108271763492
0.768722559067289
0.854327031353741
0.9933121381115207
1.0004573449838978
0.7689050804135645
0.71474664615362
0.7635460313081931
0.6979694599524287
0.8272073989942426
0.6444729762457447
0.7496215457059615
0.8882342824124809
0.7726166115242142
0.9428921116687953
0.8105148035576526
0.693458930353386
0.7013285430505792
0.7652419064149383
0.9749762181622997
0.7138148827711043
0.886448043755499
0.8663352019979704
0.8163358847748915
0.8849453226945623
0.8167544739125443
0.8580699972600383
0.6900694867279276
0.7197888708968971
0.7592173920499259
0.8380482920356044
0.9453609371018883
0.8850040818532914
0.8620282760050518
0.652797863271473
0.7534612214475683
0.7592967094626045
0.6196836460756074
0.8362462022266093
0.7069097840524486
0.8212403664880981
0.8462783873527293
0.6749611944413599
0.9740914168201691
0.7956277884209368
0.8531384552066218
0.658264693974275
0.8813767252356985
0.9687963975711951
0.8807106423386236
0.889448099104214
0.8562647404402363
0.902351141486552
0.9057703960346883
0.6865117776782846
0.6896495461408646
0.7409261949543658
0.868872150121973
0.8616219296970458
0.7477597288621307
0.7859600224242779
0.6574022264893828
0.7824272964281414
0.6059859804169021
0.7028570970452305
0.7747898127366164
0.6887780389942451
0.8364033708713143
0.6615905075881654
0.8042009561577198
0.749484231580842
0.7691323046930588
0.6593642196665154
0.7749381845684468
0.6736553595988878
0.6861339972719451
0.6460405430462531
0.7453150121080835
0.6512319890934251
0.7781089955493038
0.8141334993483336
0.7067286156333464
0.8761421086992379
0.7160716532322938
0.8166676900207073
0.6809890748655067
0.7467865302944207
0.8083214434683487
0.7303360431615151
0.7604336144306019
0.7398516049321738
0.80399854831551
0.7954556856051339
0.7630032022920774
0.9026066381371499
0.8925463725881099
0.6634478725166797
0.7407003735406933
0.8442271031710201
0.8583623796986178
0.6994818543111063
0.7967525495590195
0.9785600882824274
0.7504262320615482
0.9492396801441132
1.048686839912907
0.8151544265221762
0.968768749328538
0.9402662135613901
0.8382657953801398
0.8303895817965201
0.857420915388366
0.9133937356416613
0.70467922911542
0.7380684418716005
1.0940557811442242
0.9227539871374721
0.650647231294852
0.9576503584099695
0.6064505572204363
0.7066164084251925
0.7994875906138029
0.7273625506729136
0.7022571601329122
0.5948439396642848
0.7352001258860074
0.7692667328285697
0.7683601557574631
0.7168361700919581
0.7002583767688583
0.7979693310928991
0.637222190373872
0.6770155376955533
0.6766389772320969
0.7138020585162103
0.7464534697061612
0.708224079882501
0.712978809248009
0.6988844444973347
0.8499788714711835
0.7841847199323817
0.7544606319851812
0.8240585384727042
0.7529062536918752
0.7494352419508438
0.8153127687949393
0.6883999766775288
0.648120234230738
0.5449156438435366
0.7691113589216289
0.8230532155987036
0.7087490379897773
0.6801830350792089
0.6819156367807359
0.7877800898476197
0.4751446413245861
0.7640662135401723
0.6287772629336623
0.6971267961322327
0.7113578599188487
0.7274141177919912
0.7135688901981433
0.6894666829654676
0.6886176629829657
0.7349415413871322
0.6545568308875217
0.7443784405592629
0.6668544587354704
0.7210157851825874
0.7153172814679613
0.724599770208473
0.8379550173356375
0.7442606457639601
0.6753057071448475
0.7321267242967386
0.6974496347853104
0.6625769201217745
0.7638057590583835
0.6067077866754633
0.7921619801942757
0.7074452158148178
0.8139516493458651
0.7044790802993797
0.7714239063711045
0.8532813106486264
0.725415635043527
0.6386645996416909
0.7206778801019831
0.8330065536464919
0.8069887486528236
0.7048314714710904
0.7954609468543512
0.84341901844906
0.6410076775613461
0.754752673647033
0.7906472117852381
0.8362935934409987
0.7336612200731573
0.8233552775527894
0.8193947370941446
0.7152137180998073
0.7652471973568511
0.8537823168632156
0.7903579744273541
0.7058230557465307
0.7210778631817866
0.940277971207698
0.7559454670761797
0.7033377316380935
0.824244081627204
0.92452320110783
0.7465504069878421
0.6890152457274262
0.8304556964287912
0.8743178392768587
0.8456908777176166
0.7123016829962885
0.697878747826249
0.8761518582917001
0.7656396778330209
0.7371868525701677
0.7627035022337376
0.8724962449195508
0.9455093462554829
0.7518075793963659
0.727114712708297
0.8145347745600954
0.8012022263735448
0.6688592155871864
0.7303430060613642
0.716808244593753
0.9433533673507426
0.8252299327067184
0.6777015683280826
0.6956337620574725
0.6410307056877563
0.7497427559176555
0.6552428726513293
0.8353680304951988
0.8166823735162172
0.8228183692141297
0.7968129804408317
0.8270355479755434
0.7466236880400355
0.7009096663214083
0.6538718881919395
0.7431488482947056
0.7365237886803334
0.6737017779054129
0.7351861556357787
0.6757271914247124
0.7977733969612018
0.7507232639180519
0.6873061380660703
0.7737416495719923
0.7489067822138532
0.6324336594014444
0.7835247404094332
0.7807812428530536
0.7886786400795547
0.7786212450052455
0.9039508977474016
0.8408970521202979
0.8747791698179627
0.6777054230017935
0.8013370471494844
0.7638008604440307
0.9368884048911945
0.8115075893669924
0.7181160224575011
0.862535924544297
0.8068395432001274
0.7294465573259956
0.7256499073363216
0.6961748993656728
0.7618772403383205
0.8149448934425925
0.7926395919776672
0.7902800446643001
0.7941158922965736
0.7267565277939569
0.7902358713880777
0.7967616335944137
0.7160549511219421
0.656505305399832
0.8095614399936193
0.8410938770105417
0.775330084425517
0.846783911980031
0.784522556773059
0.8305252393396582
0.730438696780416
0.6317160981271429
0.6481831828580027
0.8273266385332295
0.7973789423620027
0.731692374805705
0.8577271305131657
0.7182955945042159
0.7951762528901987
0.8636484314301153
0.7287307384081977
0.7955893759916605
0.7323459433988552
0.7379801549437398
0.6688927485645751
0.7082826876912165
0.8620053321408953
0.7378576835326395
0.7369653069560302
0.7091874777685021
0.8048689582449658
0.71866153321691
0.9486519716854427
0.8168726067378348
0.7261481379328023
0.8000766835252123
0.6954570885174515
0.8094439858975611
0.7109505429742167
0.8813399272789684
0.8725228896284869
0.8985298128402682
0.8657287911635475
0.8215633815743808
0.9245092877406362
0.937732152500538
0.6215632666587958
0.7306610862229099
0.8732274696571687
0.920106192461023
0.780087767427326
0.8075109006036457
0.7923104389446806
0.8541973086722598
0.7973804757115367
0.8614225024477538
0.9333512153441743
0.8129899825374827
0.9432078621184627
0.7108027501167459
0.8044703832224747
0.7254507541090651
0.7416056905354117
0.7035840770324002
0.7740952977538612
0.8598243892960935
0.7822512459530655
0.8428936240075925
0.874842510221534
0.8345037738066619
0.6901850434001603
0.7120316530150086
0.7656587403321568
0.8156786023536298
0.7387947705659791
0.7852123216981766
0.7114297432772153
0.8406317130740926
0.7086668791747611
0.7834050132936065
0.850082921942125
0.8385219307978209
0.5549638149190732
0.73024615433015
0.8689735546867301
0.7880262087712409
0.7735488257733182
0.8222766911577143
0.8558700319438935
0.8813501635758471
0.7915899011986923
0.7695845388470215
0.7275133343201875
0.8017984156091887
0.6202481975583969
0.8801107252872533
0.6225669120707623
0.7563782357899651
0.7981903640078077
0.7371046334042859
0.8115929681557253
0.6862625121439749
0.8606592962573577
0.913720750714499
0.7167868621056211
0.75749982206057
0.7471887620456905
0.8301675469787678
0.8182059059779742
0.8410103218184912
0.7426928555350476
0.6563617329475577
0.7462378083963029
0.7790574207532243
0.6476026220813298
0.7112064667382663
0.8176911401836717
0.7517784889887199
0.8033335838814549
0.9091708108781983
0.783369921353628
0.8235832035651448
0.8071378349523621
0.8264596357560059
0.8150654003399633
0.8533007330230015
0.7829713345894487
0.7061019273886939
0.8854264905266452
0.7713029677283033
0.7782384263318572
0.902454560946337
0.8168917178337122
0.7867824933865752
0.9569735774778876
0.7999455142687605
0.8551293208327575
0.7728566028470362
0.8306903473104857
0.7693257028730329
1.0092600080742504
0.8106561644965226
0.928770528546726
0.9672122545581494
0.8871041113868261
0.8115783808712974
0.7312971613004526
0.9617751193041316
0.9186984680898397
0.663745551651897
0.7421519228462674
0.8664210313433113
0.7477406639236728
0.7418386886072179
0.7466502631842348
0.7599810496818897
0.6461573637830083
0.8879290465676761
0.9095361440463556
0.7459466310346549
0.8092078812870861
0.7312952119656613
0.8193062110057754
0.7722763285813489
0.7884256272424643
0.6149366743451299
0.755104926929092
0.7421955271746035
0.8674667945276607
0.7391219242660737
0.7563933643407945
0.8874227412899094
0.7756747826232363
0.833863429594464
0.6799776273678664
0.8841021585928188
1.0189398787972301
0.7503615147256933
0.7672328076160292
0.783928293235791
0.7610635913536214
0.8855531678077921
0.9294642539234501
0.7306323380159738
0.6867648010826504
0.7248690535824012
0.8719424706440438
0.7957395412425804
0.7788683151062935
0.832972181598336
0.745608013549566
0.8685225352984884
0.7239796769553842
0.8033905587172607
0.7976646986366446
0.7733012871341591
0.7518363240617901
0.7136273349482183
0.7446919151323085
0.8761525873285709
0.8347777592470145
0.7192609967759078
0.8085238637469992
0.7944529151954447
0.7791526113781183
0.8541404224821598
0.8407693789334065
0.7128268596159216
0.8084727807952795
0.7961078024608464
0.8040491030982972
0.7573732958347332
0.811273287089814
0.9155116437421631
0.7925730418517317
0.6543145769782677
0.7048816817095396
0.8108917290847762
0.8086094422621815
0.7304425246657065
0.6535727562933101
0.8066837596913322
0.7832555504414191
0.8069321842229152
0.7810890896127529
0.6795057382049954
0.7748205652811769
0.8001129331886031
0.8246942273784456
0.7880087798082948
0.7413901126331597
0.9573673316173853
0.8469091000486335
0.7124363450973571
0.6540632009640481
0.7856532817122485
0.7782158949442078
0.8905472854833759
0.8158564697941016
0.7650301211244197
0.8105826415349561
0.6353666247578016
0.8332773162307627
0.7265550936179985
0.7827837896016347
0.9205211149815166
0.7741528156714009
0.8581938261230821
0.9010874015719714
0.9131886563964423
0.7300629757989353
0.6040759391696314
0.5951056483603033
0.8612729009211673
0.7908680229802945
0.6852787866658508
0.7143045475949132
0.681624535297136
0.8313566024888932
0.6559199922542014
0.7504038979964703
0.7631390340778619
0.748469914073032
0.7657298139893817
0.5955913733460156
0.8290711080963229
0.7173829268114651
0.7580060492017928
0.6146067770011698
0.7654807969992402
0.6962934669111638
0.6911319497595085
0.7325942622432141
0.8125423718666762
0.8777205524962477
0.7461707705730819
0.7638475017388219
0.7449812638573624
0.8123685929479048
0.7522259391155786
0.9024201906212148
0.6857866618776374
0.8428643290068818
0.7842443042645774
0.8256040738069413
0.7233386032690002
0.7678490076074553
0.7672710992220358
0.6794149605999493
0.7849399254479487
0.8986373646969952
0.9414154938599559
0.7644441726320612
0.8114943651253789
0.8230695942656298
0.8567242543612262
0.8238458547587733
0.7870035393703588
0.7624901978249097
0.8505755181537904
0.637010873416784
0.7652568356052807
0.841531352876285
0.7279094712857749
0.6693435359034244
0.707294679785149
0.8979209778275717
0.8860915402545856
0.8042017263184971
0.815393018982981
0.8895875361689861
0.8210090836594076
0.8169613559778994
0.6417383902772235
0.720487375961678
0.6921372424011699
0.7810434023769599
0.6904695837335558
0.6738078180675242
0.8005615948617154
0.8167676212142461
0.73217818581543
0.9025943430551571
0.8776223337399288
0.798292216000143
0.7650841623338773
0.8493682380369247
0.852044895319409
0.745802970498605
0.793799205125834
0.8702809199074255
0.7816683961012049
0.9129834729286663
0.8421255717327119
0.7279652922991569
0.7619485736296258
0.7019007523536437
0.8225787534399932
0.8606193583351127
0.6846321888446507
0.62859324224414
0.7399723077233546
0.8150775307506252
0.80233343171581
0.81830387465462
0.6559635667260717
0.8029680621850979
0.7220742635810702
0.8552985136927809
0.9038394230600351
0.8121134474878037
0.8755366407505698
0.9088084475410889
0.8530954578608575
0.7865377242510727
0.7992267103195754
0.7910589001221418
0.8699061152905134
0.8428866919551885
0.8727308724388443
0.8459550900076876
0.7788017054497558
0.7014108782289231
0.7696071885971261
0.8067487932844067
0.8465957122889984
0.7558965760596742
0.6207775376318831
0.9015849682776088
0.7589549044284544
0.7105767755769007
0.8481414921203495
0.7805426640001674
0.861990658669066
0.8122723197895343
0.7884942984312308
0.6858409130847458
0.8065928476529342
0.9110146407122522
0.7861004994903208
0.8852635330224944
0.9020001646142429
0.8617806660660149
0.8310309649308536
0.9443931902943243
0.8113058901273328
0.7021275696030992
0.9727289354884951
0.9521860049604978
0.7094303884939661
0.9476830862439853
0.8063623656557012
0.8767360762724498
0.9409977183876246
0.8158907584128979
0.7193243138323533
0.7269817908670563
0.8769248199794104
0.8743758591977181
0.7264463907961309
0.8021678371593438
0.7923831436927129
0.7545580207131505
0.7536693113202144
0.9056974772791493
0.8798061470228281
0.5922249516427086
0.7590212401699326
0.9561488671464263
0.8835833082856384
0.6967702099599731
0.7024866153611163
0.6497984477843498
0.668268406046119
0.8054612903824837
0.6548437354264057
0.6756722847732808
0.7849646909711223
0.6224086066588814
0.8130649204689513
0.6078418164437419
0.7669813346349744
0.7447800181835568
0.7647495114041439
0.6474043174755532
0.7642377503566767
0.8295881919854057
0.7896828772921349
0.9283899277958739
0.8631242320263122
0.8951177784440316
0.698983441243077
0.7687009686409264
0.8666520563135061
0.9289662628592315
0.8759188078519627
0.9439951383903182
0.8758910098777288
0.8498991049325598
1.0217093265603903
0.7469372063251385
0.7325614423062186
0.8221043504824926
0.8905148181740318
0.7380982996311882
0.604526151994859
0.7511921824686294
0.7570268941443209
0.8736708657299064
0.7886663966200579
0.7356403036225172
0.8140722423855027
0.9687908856150514
0.7731918276534155
0.7217750040534143
1.0217982175240348
0.7877297139445528
0.6189286097485736
0.8434462510135026
0.6418667463918621
0.7023046556226392
0.7676331091414778
0.7594221713402739
0.7225556832616846
0.7139181441599457
0.799361924911699
0.7009377220393993
0.8347849391600934
0.6599894284029479
0.7755366690795749
0.7198451030379418
0.8431928051809781
0.7383991652786449
0.8213033530089929
0.880864514564863
0.6889269590498347
0.914523904230815
0.7121688594183241
0.8487765725744785
0.7593942826407907
0.674652229824736
0.829008182171935
0.7168105389218788
0.8204408966036429
0.915405312198355
0.7841109283136344
0.788661962736153
0.734596166920005
0.8163084492844148
0.7081871359137938
0.8015843694360006
0.6031717922808496
0.6856121861624459
0.6426248853425888
0.7989241135869611
0.6870051966735066
0.7993470198820137
0.8665829790044153
0.7453751874744181
0.8404689298006358
0.748156237425488
0.8605572476173509
0.8792455760904382
0.6695802647724538
0.8374199494543041
0.7138006231751851
0.6516622292628921
0.7185748847119521
0.8097559173634306
0.822396529391336
0.6483251850388401
0.7097406138063148
0.6840645451333185
0.8157833385394295
0.7780129663692087
0.7160267824217885
0.7622737782130911
0.7150773879680276
0.8129097919387728
0.598688983489671
0.7430831184888046
0.6905800580711391
0.7808511132230395
0.6136791678646719
0.8179921741430117
0.7852988009257602
0.7322167037081267
0.7735040347185752
0.7793131325331346
0.8009038591512623
0.7787916975042155
0.7402663325402582
0.7780591216786628
0.7197016675356555
0.8371265087791737
0.8452291149598864
0.744129306651171
0.8056434241734759
0.9798203409300222
0.8078226443075668
0.7302912395147867
0.8613416320066062
0.8562818733086616
0.8638667049192167
0.8044249734496757
0.7819135358090126
0.8751500461562206
0.9567714510773788
0.9411205178053699
0.7755323923747102
0.6291835041845301
0.6797676182249754
0.8087853380000809
0.811556319090827
0.9018153665913317
0.9282350337713684
0.5994115908070744
0.6353915298910872
0.7393335906401246
0.6210884548542961
0.8062206175744804
0.7755050320527671
0.7515730867076549
0.9036657384491629
0.7860391103424497
0.7233283985258777
0.8130079046594457
0.9464213172905709
0.8415381005309113
0.8569034844464246
0.6857695257478661
0.8842697732478788
0.9674187097330968
0.8704571678741403
0.7670805707315832
0.8146116051633859
0.8177892202043632
0.724046865152408
0.8622752582698977
0.6104562623849198
0.7887207476901471
0.9192285856475592
0.789092505390651
0.7203868732642492
0.6343945155186259
0.726622170823022
0.7073848339537802
0.9289590623055245
0.8423507347275475
0.6824591356836466
0.9020467482870861
0.8817866319668104
0.8383123373458296
0.8989713872267631
0.68257084111007
0.7440258683542964
0.676932685656056
0.869455192414297
0.757616774325599
0.8188989906855219
0.7510853087715321
0.9112188629922016
0.670625597963846
0.7896011488454849
0.7615230495765737
0.5142614902705277
0.7726049097169597
0.8049199701441971
0.761505437158685
0.8274542644290238
0.656597604342399
0.6909161455637833
0.7472257263229041
0.7871785774281461
0.8314451172905131
0.6288701509887942
0.7870074120693902
0.760380733917877
0.68282412077703
0.8876468537801642
0.7805955762658563
0.6965826486132773
0.7357251559193768
0.7745806239367671
0.8305152675309038
0.6875505052580665
0.8413268116076033
0.8191011518189677
0.8480583133195707
0.7648921292638772
0.8808582429244902
0.945276477866447
0.671948205928574
0.7886219539686008
0.6339172314192429
0.753828063077218
0.7602994923375543
0.6476013981995569
0.6796750025909413
0.7812167585005735
0.771189753899306
0.6632950329306234
0.8773800358088173
0.8769342603845209
0.7729578464104302
0.6354076595055809
0.7172944565381528
0.6460583144247215
0.8235282217737401
0.8216747095692462
0.7713756060837302
0.652512178820365
0.8962274781526873
0.8615303555873326
0.7390515087513844
0.8174637605039491
0.807008419692302
0.7188000111888772
0.8665406870999506
0.7220287586549211
0.7240455137104187
0.9156835085436624
0.6353732010790334
0.9539709700033423
0.8878826646446963
0.9962113260756279
0.8540576880536733
0.7638972986093822
0.7945737758163902
0.8557352748941681
0.7709000319921188
0.7423223346118835
0.7807837132218223
0.7676926544261737
0.8564247562742909