0.258227848; 0.896868012; 0.881517527
0.116128191; 0.884501209; 0.865515193
0.13036533; 0.882232164; 0.910819814
0.289375742; 0.477112336; 0.498938729
0.136331155; 0.670438464; 0.615967155
0.247946803; 0.586243858; 0.627310779
0.20879653; 0.730141388; 0.647583354
0.347756163; 0.601682535; 0.660282754
0.280907892; 0.698939677; 0.662214436
0.179693324; 0.662471211; 0.629867829
0.18039841; 0.511056108; 0.575037855
0.224325479; 0.776180244; 0.739993132
0.275442668; 0.497438071; 0.578930543
0.325963466; 0.771987636; 0.788722844
0.131017805; 0.632902549; 0.677123476
0.199613515; 0.728452494; 0.718234607
0.2247343; 0.441690913; 0.476316184
0.247205028; 0.85683209; 0.830753838
0.182423518; 0.413464348; 0.415896716
0.0906531; 0.691017185; 0.714746646
0.309393323; 0.81772705; 0.816754474
0.191376764; 0.782494356; 0.795627788
0.181976284; 0.602430053; 0.60598598
0.11722805; 0.884055728; 0.876142109
0.255954161; 0.758510539; 0.79675255
0.154891583; 0.60253256; 0.606450557
0.078822192; 0.695429793; 0.712978809
0.220324543; 0.458307471; 0.475144641
0.234794602; 0.667187243; 0.675305707
0.181176278; 0.805005015; 0.795460947
0.288133862; 0.665950861; 0.703337732
0.298681916; 0.734537486; 0.727114713
0.145505004; 0.768301815; 0.827035548
0.349540214; 0.792079183; 0.78867864
0.117022708; 0.815009536; 0.814944893
0.203042681; 0.582067138; 0.631716098
0.207358606; 0.686564128; 0.737857684
0.242697765; 0.804940422; 0.821563382
0.130054891; 0.734688609; 0.71080275
0.292115889; 0.758158103; 0.785212322
0.207309107; 0.756455209; 0.791589901
0.269408738; 0.709093044; 0.757499822
0.264429232; 0.780401329; 0.783369921
0.172421946; 0.815859623; 0.799945514
0.13717123; 0.761595123; 0.742151923
0.198305696; 0.793754981; 0.788425627
0.169716259; 0.7732987; 0.767232808
0.169279334; 0.716402686; 0.723979677
0.139095189; 0.8193139; 0.840769379
0.120051701; 0.636785498; 0.653572756
0.12715552; 0.717372614; 0.712436345
0.311217374; 0.68036859; 0.774152816
0.247680953; 0.647681655; 0.655919992
0.207880551; 0.734938507; 0.732594262
0.176606938; 0.723389355; 0.723338603
0.176003567; 0.764567659; 0.787003539
0.181902743; 0.852052322; 0.815393019
0.195964422; 0.741003846; 0.732178186
0.149652717; 0.84117744; 0.842125572
0.21458911; 0.638142662; 0.655963567
0.251954181; 0.801558099; 0.7910589
0.065787294; 0.662390721; 0.620777538
0.169058896; 0.88636564; 0.911014641
0.216930701; 0.705894645; 0.709430388
0.215908344; 0.772798929; 0.802167837
0.250778063; 0.699067031; 0.69677021
0.329265562; 0.573395961; 0.607841816
0.248586778; 0.8847078; 0.895117778
0.2850625; 0.763035299; 0.746937206
0.151563291; 0.756158975; 0.735640304
0.196663144; 0.648176755; 0.641866746
0.217894286; 0.659135038; 0.659989428
0.244664863; 0.722713327; 0.712168859
0.29782284; 0.768197754; 0.788661963
0.140528569; 0.705234715; 0.687005197
0.214686101; 0.670317281; 0.669580265
0.226453226; 0.744630357; 0.709740614
0.248464507; 0.614302649; 0.598688983
0.228393354; 0.762376305; 0.773504035
0.181470459; 0.835105358; 0.845229115
0.088591764; 0.879635152; 0.856281873
0.22558368; 0.779021904; 0.775532392
0.135517598; 0.584804514; 0.599411591
0.216000843; 0.912080599; 0.903665738
0.215384453; 0.729266647; 0.685769526
0.195951259; 0.821669214; 0.81778922
0.254014014; 0.797587575; 0.789092505
0.197435882; 0.843848995; 0.842350735
0.1970844; 0.666543606; 0.682570841
0.245799588; 0.751751926; 0.751085309
0.289165662; 0.488969561; 0.51426149
0.23279072; 0.651639593; 0.656597604
0.376907229; 0.606427342; 0.628870151
0.333369622; 0.781933746; 0.780595576
0.1862211; 0.677273327; 0.687550505
0.231058866; 0.769768402; 0.764892129
0.141752633; 0.784915691; 0.788621954
0.142789347; 0.673532145; 0.647601398
0.105733262; 0.688867353; 0.663295033
0.238721742; 0.646464681; 0.63540766
0.36025775; 0.783629762; 0.823528222
0.12956343; 0.655441095; 0.652512179
0.133912107; 0.776160586; 0.739051509
0.286263886; 0.713803238; 0.718800011
0.156649109; 0.714747385; 0.724045514
0.211790217; 0.628532013; 0.635373201
0.257854608; 0.917392892; 0.887882665
0.191857136; 0.893684955; 0.854057688
0.263173504; 0.795733103; 0.794573776
0.297853727; 0.787351751; 0.770900032
0.20685811; 0.737279476; 0.742322335
0.14494246; 0.807294231; 0.780783713
0.205440048; 0.751671514; 0.767692654
0.1371464; 0.853573917; 0.856424756
