0.8815175269084394
0.7871088217980695
0.9173389047654248
0.9142902573726641
0.8346422272766152
0.8198895988055667
0.7731252237226327
0.6784020287873472
0.7497107919280276
0.8527253535622719
0.8655151932504411
0.8241313387684426
0.8653973146113831
0.7798179921103343
0.934719823578208
0.9136125384728331
0.8419682095127883
0.8631138436324567
0.9130960309231415
0.7890681689538915
0.910819813805346
0.9699786966534499
0.6730547575178765
0.9126055735253812
0.7252137728977851
0.6902377319429127
0.7884044429675461
0.8906856346984737
0.7475831866955668
0.7406709282321581
0.4989387290541506
0.7959667841692502
0.7866363611156013
0.8244166607650519
0.8820073462315755
0.8431375771774456
0.6421581893480922
0.8336424600440978
0.7296951416432789
0.8947705268050886
0.6159671554774019
0.800971153955806
0.681954632482857
0.8656582175692736
0.8472647671493034
0.8510031920898717
0.8038707036441222
0.8601749064952826
0.8458256718103364
0.7639584946440858
0.6273107793095819
0.8208126661423534
0.801484031988842
0.7204488176274847
0.6714445798079612
0.8570056683633811
0.7806257242403191
0.7855081676136828
0.7722868380017863
0.9016598150697547
0.647583353765612
0.8254923996060987
0.8873262444132918
0.620186055477557
0.6844916931618849
0.7307973140384787
0.8074477634117598
0.8233505097139107
0.6672926864315414
0.8706703709870534
0.6602827540301344
0.7620201287376617
0.6807685402317691
0.7771263825475714
0.6015594241470713
0.7645236019337763
0.716624454391763
0.6758536898059733
0.7294854298559391
0.756387282558791
0.6622144360283394
0.9162268953533473
0.7858072488579791
0.7095761088782542
0.8110976248378777
0.7038222694558887
0.5831568103292962
0.70897098817197
0.7077953823832739
0.7898019428921161
0.6298678294667127
0.7779337235658731
0.706531233491085
0.7632453663700489
0.6436098431137945
0.6982691903774273
0.8431133879303193
0.6581187072645995
0.6496831479303745
0.6781666553414492
0.5750378550158852
0.7363898607121295
0.833955291477968
0.7617679833012614
0.8721212939947357
0.9108283000053161
0.7994679451677854
0.8805197101422031
0.7555184163996004
0.7399931320161067
0.9277045916264541
0.7606452254635722
0.7534066027592423
0.7986184243464268
0.8333020941825505
0.730328689841373
0.8083234797157423
0.7734590531838312
0.5789305432304384
0.8001547078504382
0.6922364967311662
0.7318089990184699
0.7864086437773768
0.715013993505116
0.718246636059746
0.7943704138940384
0.6829926311078631
0.7887228442976104
0.7525764767746546
0.6991684357712266
0.7394743472516707
0.8411137597623636
0.7037037939969193
0.8034045136853641
0.8644136574750586
0.6192511703496262
0.6771234764000259
0.6808577563377809
0.7332433028856976
0.6863415824950946
0.8621088887369429
0.749114031511604
0.8159248318098957
0.8211112261611996
0.8592856635145273
0.7182346071938536
0.6519359481758702
0.8059494772739128
0.8816245183852144
0.6899771581930563
0.8122535407707006
0.7417398398373711
0.9150005073175841
0.9353762644809047
0.47631618430108763
0.8958142360144735
0.9280870628456759
0.7184899561491838
0.9572455604921399
0.8894963937120072
0.8494464135898493
0.755915474444184
0.725245463496945
0.8307538375890212
0.8461737444084152
0.7190491445604336
0.7439268491381285
0.7899151184815523
0.8062116645202061
0.7807466367632756
0.7658503053324127
0.7929637062016714
0.41589671573087367
0.8323780400137182
0.89145719424878
0.6740678593044257
0.7727690643295532
0.7332468954369374
0.807747413306499
0.8771573951278674
0.7973691298123414
0.71474664615362
0.6531999026248341
0.7328262582792653
0.7117227419061533
0.7636812622320363
0.875156070743167
0.7203412924836196
0.9511970081307095
0.9022063971774207
0.8167544739125443
0.8469954875620077
0.8421243489003081
0.8718936528673886
0.6436534022542348
0.7040610187232255
0.6482337105764854
0.93180012728288
0.9966979597055846
0.7956277884209368
0.6626433596931126
0.7443192803574109
0.8734984403888405
0.8110209577019573
0.8080439314338883
0.7498361196826037
0.7969179361196652
0.7599019001658218
0.6059859804169021
0.6600618688497011
0.7099258045194274
0.7386432262248078
0.811112750494093
0.811756589978889
0.8088905777523834
0.7892725637280695
0.8761421086992379
0.8524460146197516
0.8249895813890837
0.7769019240528483
0.750529197881075
0.7179727369038784
0.8355434837341122
0.8558904218281138
0.7967525495590195
0.7793465366945003
0.924297554418377
0.907528612205621
0.8994805093563236
0.9171481104775517
0.8961025608546023
0.7252152804396865
0.6064505572204363
0.6507279852784608
0.6450491686598895
0.7651393170696285
0.684477987404437
0.8692249512858592
0.7778884055276937
0.776384838703131
0.712978809248009
0.7698854792099464
0.6782847985143294
0.7598144110081662
0.7416884100499817
0.8269021943052259
0.7313739014670347
0.852676808242518
0.4751446413245861
0.6739850592779587
0.7064503084014735
0.6737392647647295
0.7340490047450424
0.8185662234742588
0.8374374261828366
0.7787038946404375
0.6753057071448475
0.7322592804056954
0.661632292731588
0.7594980476955219
0.6486921298219418
0.8012222275969565
0.6976599429943268
0.747722659304496
0.7954609468543512
0.771319433751142
0.7912433014256158
0.7796295696403688
0.8018218044768078
0.6768559962950158
0.7632048469219401
0.7366958752077175
0.7033377316380935
0.770294229591834
0.6036905772703072
0.8467836570586423
0.6815081892994059
0.8353057479747197
0.8777241401722071
0.7586543134600877
0.727114712708297
0.7185366762828772
0.7756116551999843
0.8134593847380477
0.6384411164857746
0.7841364386818541
0.7039657861004764
0.6821316375157445
0.8270355479755434
0.7792148543766367
0.7590709726666584
0.7306901511045444
0.7518380384361579
0.6718904995168937
0.7452436834545975
0.6599671577803173
0.7886786400795547
0.8384330828932698
0.7163747174113974
0.7388913147801995
0.860275985606392
0.8185848213178797
0.8667013879495209
0.8149448934425925
0.9161134914451845
0.6359390260431584
0.6839288487065585
0.8122612605012143
0.724474874210016
0.9256127095690067
0.6317160981271429
0.7933003274465091
0.687211512238872
0.8545800760527745
0.7136803716147867
0.7465546010228592
0.6010282557013106
0.7378576835326395
0.8552212441245628
0.7994572101929173
0.7252417519848405
0.7789955046244256
0.8359317292839855
0.7435626841921325
0.8215633815743808
0.7390169854149038
0.9414352345746129
0.8089702184897398
0.8077541254615668
0.847445941783602
0.9299447099802596
0.7108027501167459
0.7291342786038717
0.7366416666060034
0.7992585277966195
0.7189181592060923
0.7845537023313249
0.8079294507424591
0.7852123216981766
0.7908142433639493
0.7272095410430467
0.5708806805990139
0.7835480554166626
0.8072543049468847
0.7781069679127803
0.7915899011986923
0.8149995403941184
0.6703541384218897
0.7698039078829746
0.8115257067298318
0.8046120744775396
0.9151298696008334
0.75749982206057
0.8344697521393429
0.679011244045027
0.7819202117301626
0.711270173335239
0.6878256963154042
0.7774848917961578
0.783369921353628
0.8951466557642443
0.7513138502600054
0.6936241390461555
0.8036876796938245
0.7615961944363195
1.0166588620739991
0.7999455142687605
0.8415501578410105
0.9323782499412365
0.9224078226165483
0.8727020983380442
0.7937366811419
0.8416781272195079
0.7421519228462674
0.8109108461309446
0.7032676119214348
0.8894995218033731
0.7410729625511746
0.6709975878534898
0.8260201126547277
0.7884256272424643
0.6535590364404125
0.9943527902808601
0.8791808831894401
0.8874509445378873
0.9968233482717428
0.7672328076160292
0.8251333580694993
0.798065712299205
0.699421216050574
0.6353336720220506
0.8829687733957584
0.7239796769553842
0.8242924606922825
0.8730967926912143
0.9029271906162224
0.7324334059744191
0.7154191478027191
0.8407693789334065
0.826309649938856
0.748533749439391
0.9003492789612415
0.7483465618491016
0.6779704453592948
0.6535727562933101
0.7989593909023699
0.7890760771782069
0.8229580474777614
0.6628194322937708
0.8678650256911117
0.7124363450973571
0.7640406980330618
0.8606797932028731
0.8190985852036634
0.8538830876514037
0.819093144949838
0.7741528156714009
0.7293151691334941
0.6143376443438225
0.8627253825349093
0.7042356717285769
0.7540632933833276
0.6559199922542014
0.720678989894009
0.7678617688600875
0.7114437267889439
0.72890638777267
0.7570451729627952
0.7325942622432141
0.8598626888272608
0.7935001111273754
0.7702958435777314
0.8030112544839133
0.8932281898206343
0.7233386032690002
0.8689875305188625
0.775730217163574
0.769189091704737
0.8856440657014496
0.7466180700339824
0.7870035393703588
0.6773624415547157
0.8448831213361535
0.6986506373554249
0.7998614268106313
0.7239302977280123
0.815393018982981
0.7838683160360824
0.878720932879246
0.7344220480227787
0.822032852121579
0.73217818581543
0.81036804840686
0.7090420523627364
0.7043923613443717
0.8145061144463307
0.8421255717327119
0.7222008094755132
0.6710006014022826
0.6012457042998869
0.840162399331551
0.6559635667260717
0.8467112127073714
0.8731714250077464
0.8994289573966655
0.8135758501578139
0.7910589001221418
0.7506538458649712
0.9341316981776268
0.7603901205984887
0.7367338001514703
0.6207775376318831
0.7749893632075882
0.9415401827156318
0.7771721252966728
0.9224563743759089
0.9110146407122522
0.8311558447876263
0.9274844668990453
0.8262353236511014
0.9876429061095706
0.7094303884939661
0.7162237620647607
0.8147253495267561
0.7370417902281929
0.8259328238434949
0.8021678371593438
0.7227661191671818
0.7990194254334265
0.7708894680639053
0.7363096062448317
0.6967702099599731
0.6169749593816792
0.8226623808749456
0.7734644512406302
0.8411929864147016
0.6078418164437419
0.7592545306104872
0.7419136155140713
0.8079923647053979
0.848216957433663
0.8951177784440316
0.9629383918196924
0.7520537289866971
0.9073424641270177
0.8010916688865988
0.7469372063251385
0.8544801101145592
0.8267569656971205
0.7686097555490166
0.7356403036225172
0.7761259415344229
0.791809184403696
0.6255973783582255
0.6418667463918621
0.8056589382914505
0.726748459610649
0.7466839888384567
0.6599894284029479
0.9104419118104786
0.8399671468593716
0.6905800494289689
0.7121688594183241
0.9696230292672242
0.6949991579054587
0.9474586060532584
0.788661962736153
0.7384046171799211
0.8089881254447442
0.6380909764920452
0.6870051966735066
0.8817383759501048
0.6540686141464018
0.8728925966347351
0.6695802647724538
0.6859936197547042
0.696804026481921
0.6402793262396308
0.7097406138063148
0.7396822853632893
0.8054654834458471
0.8200141324687266
0.598688983489671
0.8266407673080397
0.837446427652938
0.7266200896384384
0.7735040347185752
0.7433827778433763
0.7819709728111399
0.81816063292792
0.8452291149598864
0.7206849665697793
0.7179432940514371
0.8562818733086616
0.9297809097707254
0.8730631062035824
0.7755323923747102
0.8028534136199006
0.7315456325968911
0.5994115908070744
0.7068870927154688
0.7351084346517779
0.9036657384491629
0.7822678098439251
0.8813490782933924
0.6857695257478661
0.9181646631341918
0.8079270206559884
0.8177892202043632
0.8566712943996413
0.7152053733647119
0.789092505390651
0.6038200196919989
0.7309841947924137
0.8423507347275475
0.865411480696139
0.8611657472841667
0.68257084111007
0.8229633591463474
0.8987602504656717
0.7510853087715321
0.7316621819682224
0.8724914410623104
0.5142614902705277
0.854967410326512
0.6869056747931064
0.656597604342399
0.7599519303483517
0.6288701509887942
0.6100219354191113
0.7805955762658563
0.674977314493407
0.6875505052580665
0.6923380914394782
0.7648921292638772
0.8961622917118639
0.7886219539686008
0.7856322755619326
0.6476013981995569
0.7473798539518336
0.6632950329306234
0.633868901056818
0.6354076595055809
0.81453151643508
0.8235282217737401
0.8000749033972875
0.652512178820365
0.864176538342923
0.7390515087513844
0.7188000111888772
0.7240455137104187
0.6353732010790334
0.8878826646446963
0.8540576880536733
0.7945737758163902
0.7709000319921188
0.7423223346118835
0.7807837132218223
0.7676926544261737
0.8564247562742909