3
7
10
8
18
18
23
26
29
27
30
35
38
45
44
5
8
8
11
14
15
17
15
14
18
24
37
21
15
23
33
20
22
25
23
37
42
45
47
52
54
58
63
22
28
27
25
25
39
40
35
56
53
61
60
20
33
28
31
37
56
37
52
42
50
49
23
25
31
33
34
41
45
47
56
46
48
60
1
20
21
25
25
33
36
32
41
19
16
8
17
19
22
20
21
19
22
22
25
30
26
30
1
8
3
10
10
13
20
24
20
1
8
8
8
18
19
22
24
4
6
8
12
15
16
18
17
22
25
28
32
44
33
9
31
13
18
20
27
30
23
24
27
35
32
31
29
40
1
10
23
21
22
19
24
26
32
36
47
48
24
20
33
15
14
20
38
36
42
35
0
1
5
8
7
9
11
15
14
16
17
19
23
14
9
16
12
13
14
28
31
21
23
27
28
26
13
12
13
22
20
20
24
26
29
32
37
35
44
8
12
24
21
18
32
32
19
38
37
23
0
5
10
14
19
20
21
24
25
34
55
22
13
29
32
32
26
22
28
38
31
31
42
7
16
8
13
18
24
22
25
27
29
33
32
5
44
14
18
35
26
27
19
25
33
37
44
39
0
21
8
21
9
18
27
26
25
24
29
39
3
47
23
11
26
28
28
26
35
38
42
28
9
31
20
18
23
20
21
25
26
27
35
1
6
12
7
8
11
13
14
17
14
17
30
14
16
14
20
20
23
24
28
38
38
16
20
34
23
29
32
42
47
45
49
55
1
6
7
12
12
12
26
26
38
25
31
33
36
4
8
10
13
25
20
19
20
31
24
25
2
7
5
6
8
9
29
10
14
16
17
18
22
19
15
17
28
36
36
24
38
34
45
34
51
29
11
16
23
20
29
41
46
42
48
7
42
27
21
26
19
15
17
30
27
36
41
42
1
1
11
7
7
10
11
11
14
17
20
23
3
4
7
10
12
13
12
15
20
37
21
22
24
1
18
4
6
7
8
9
13
15
21
17
22
49
39
43
43
10
10
11
15
14
43
25
32
23
33
21
18
11
12
13
16
17
32
19
21
43
44
60
59
25
4
12
14
48
55
35
41
33
23
27
28
12
4
5
8
8
11
21
22
23
24
51
9
27
9
15
10
9
14
21
18
22
23
26
0
25
6
7
53
21
17
23
25
22
31
29
11
10
12
23
17
20
37
21
24
19
13
10
28
18
15
26
23
32
44
47
45
52
19
8
4
5
12
8
11
13
25
19
19
16
20
45
28
11
19
14
19
20
23
20
25
29
36
47
47
18
28
24
22
24
27
22
23
27
34
29
32
36
49
32
50
6
7
7
11
10
12
14
17
28
24
39
7
10
17
21
25
22
24
0
25
8
10
16
18
21
18
22
20
25
4
8
10
15
26
24
24
43
30
32
20
23
11
4
5
6
8
11
11
11
12
13
17
1
16
9
5
16
21
18
13
12
19
32
29
30
10
7
9
6
14
19
21
23
4
21
3
6
5
9
25
29
4
13
12
11
17
19
19
28
25
27
14
6
22
6
43
7
30
12
31
15
25
5
6
8
9
14
17
14
11
