02
05
08
10
14
16
18
19
22
28
29
33
40
43
43
03
04
05
07
12
15
16
18
20
21
23
26
29
31
36
38
18
20
23
25
35
38
47
49
51
58
60
61
19
21
26
28
30
37
40
48
51
53
62
63
18
24
30
31
35
40
45
48
49
52
61
24
28
31
36
40
42
46
51
55
61
67
69
01
18
22
23
26
37
38
39
45
03
06
08
12
13
16
17
18
21
29
30
31
33
35
41
00
01
03
05
09
11
13
14
18
01
04
05
06
10
12
15
16
18
02
05
07
11
13
14
15
17
20
27
30
34
40
42
04
07
12
14
18
21
23
24
25
26
27
30
32
34
36
00
08
16
18
19
21
23
25
30
34
41
44
03
12
14
16
18
22
30
36
40
42
00
01
03
04
05
07
09
10
12
14
15
17
19
01
03
04
05
07
08
10
12
14
16
17
18
19
05
07
12
15
17
19
22
26
29
32
36
38
42
06
11
16
18
22
25
28
29
33
34
36
00
03
05
07
12
15
18
23
27
30
02
04
08
11
13
16
18
20
22
24
26
30
36
03
05
06
11
16
18
20
23
27
30
35
39
00
07
11
14
16
18
20
23
25
26
27
28
30
00
03
05
07
09
14
16
18
21
22
25
29
00
05
07
10
17
18
19
23
25
28
30
00
03
07
12
15
18
19
22
23
28
34
39
00
02
04
06
07
11
13
15
17
18
19
02
11
13
16
18
20
22
25
30
36
41
14
16
18
20
26
28
34
35
37
41
46
01
04
05
10
11
13
16
20
22
23
29
31
33
00
04
05
07
10
16
17
18
20
23
26
00
02
03
04
06
07
09
11
12
14
15
16
19
06
08
10
13
15
18
20
24
28
33
35
40
02
05
10
14
18
21
25
30
35
39
44
02
04
11
13
15
16
18
21
25
30
35
39
44
00
01
03
05
07
08
09
12
14
16
18
21
00
01
03
05
06
08
11
13
15
17
18
19
20
00
01
02
04
06
08
09
11
13
17
18
19
00
01
03
04
05
08
10
11
13
14
17
21
23
34
02
05
07
10
11
13
15
16
17
19
35
45
50
52
00
02
05
06
07
09
10
12
14
16
19
21
00
02
04
06
09
13
19
20
21
24
00
01
04
05
06
08
10
12
14
18
20
24
28
00
03
04
05
10
13
15
17
19
23
27
01
03
05
07
13
15
17
18
21
25
03
06
08
12
17
18
19
25
28
32
40
43
48
00
01
02
04
06
08
10
12
14
16
17
18
20
05
06
09
11
12
13
15
18
20
23
27
33
45
55
00
09
10
11
15
16
17
18
27
30
33
46
49
50
52
54
04
05
06
07
08
10
12
15
16
17
00
03
06
10
14
16
18
22
00
02
05
08
12
14
15
16
17
18
24
02
04
07
10
13
14
16
17
18
19
20
00
01
02
03
04
06
08
10
11
12
13
15
18
00
02
04
06
09
10
11
12
13
16
17
18
19
04
05
06
08
12
14
22
23
01
02
03
04
06
10
12
15
00
05
06
07
12
16
17
18
23
25
00
01
02
03
04
05
06
10
13
15
17
03
04
06
07
12
14
16
02
