3
7
10
8
18
18
23
26
29
27
30
35
38
45
44
5
8
8
11
14
15
17
15
14
18
24
37
21
15
23
33
20
22
25
23
37
42
45
47
52
54
58
63
22
28
27
25
25
39
40
35
56
53
61
60
20
33
28
31
37
56
37
52
42
50
49
23
25
31
33
34
41
45
47
56
46
48
60
1
20
21
25
25
33
36
32
41
19
16
8
17
19
22
20
21
19
22
22
25
30
26
30
1
8
3
10
10
13
20
24
20
1
8
8
8
18
19
22
24
4
6
8
12
15
16
18
17
22
25
28
32
44
33
9
31
13
18
20
27
30
23
24
27
35
32
31
29
40
1
10
23
21
22
19
24
26
32
36
47
48
24
20
33
15
14
20
38
36
42
35
0
1
5
8
7
9
11
15
14
16
17
19
23
14
9
16
12
13
14
28
31
21
23
27
28
26
13
12
13
22
20
20
24
26
29
32
37
35
44
8
12
24
21
18
32
32
19
38
37
23
0
5
10
14
19
20
21
24
25
34
55
22
13
29
32
32
26
22
28
38
31
31
42
7
16
8
13
18
24
22
25
27
29
33
32
5
44
14
18
35
26
27
19
25
33
37
44
39
0
21
8
21
9
18
27
26
25
24
29
39
3
47
23
11
26
28
28
26
35
38
42
28
9
31
20
18
23
20
21
25
26
27
35
1
6
12
7
8
11
13
14
17
14
17
30
14
16
14
20
20
23
24
28
38
38
16
20
34
23
29
32
42
47
45
49
55
1
6
7
12
12
12
26
26
38
25
31
33
36
4
8
10
13
25
20
19
20
31
24
25
2
7
5
6
8
9
29
10
14
16
17
18
22
19
15
17
28
